1.000000e+00 9.043680e-12 2.326809e-11 5.551115e-17 9.043683e-12 1.000000e+00 2.392370e-10 3.330669e-16 2.326810e-11 2.392370e-10 9.999999e-01 -4.440892e-16
9.999978e-01 5.272628e-04 -2.066935e-03 -4.690294e-02 -5.296506e-04 9.999992e-01 -1.154865e-03 -2.839928e-02 2.066324e-03 1.155958e-03 9.999971e-01 8.586941e-01
9.999910e-01 1.048972e-03 -4.131348e-03 -9.374345e-02 -1.058514e-03 9.999968e-01 -2.308104e-03 -5.676064e-02 4.128913e-03 2.312456e-03 9.999887e-01 1.716275e+00
9.999796e-01 1.566466e-03 -6.198571e-03 -1.406429e-01 -1.587952e-03 9.999927e-01 -3.462706e-03 -8.515762e-02 6.193102e-03 3.472479e-03 9.999747e-01 2.574964e+00
9.999637e-01 2.078471e-03 -8.263498e-03 -1.874858e-01 -2.116664e-03 9.999871e-01 -4.615826e-03 -1.135202e-01 8.253797e-03 4.633149e-03 9.999551e-01 3.432648e+00
9.999433e-01 2.586172e-03 -1.033094e-02 -2.343818e-01 -2.645881e-03 9.999798e-01 -5.770163e-03 -1.419150e-01 1.031581e-02 5.797170e-03 9.999299e-01 4.291335e+00
9.999184e-01 3.088363e-03 -1.239599e-02 -2.812195e-01 -3.174350e-03 9.999710e-01 -6.922975e-03 -1.702743e-01 1.237425e-02 6.961759e-03 9.998991e-01 5.148987e+00
9.998890e-01 3.586305e-03 -1.446384e-02 -3.281178e-01 -3.703403e-03 9.999605e-01 -8.077186e-03 -1.986703e-01 1.443430e-02 8.129853e-03 9.998627e-01 6.007777e+00
9.998551e-01 4.078705e-03 -1.652913e-02 -3.749547e-01 -4.231669e-03 9.999484e-01 -9.229794e-03 -2.270290e-01 1.649063e-02 9.298401e-03 9.998207e-01 6.865477e+00
9.998167e-01 4.566671e-03 -1.859652e-02 -4.218367e-01 -4.760342e-03 9.999347e-01 -1.038342e-02 -2.554151e-01 1.854788e-02 1.047004e-02 9.997731e-01 7.724036e+00
9.997738e-01 5.049868e-03 -2.066463e-02 -4.687329e-01 -5.289072e-03 9.999194e-01 -1.153730e-02 -2.838096e-01 2.060470e-02 1.164399e-02 9.997198e-01 8.582886e+00
9.997264e-01 5.527315e-03 -2.272922e-02 -5.155474e-01 -5.816781e-03 9.999025e-01 -1.268908e-02 -3.121547e-01 2.265686e-02 1.281782e-02 9.996611e-01 9.440275e+00
9.996745e-01 6.000540e-03 -2.479692e-02 -5.624310e-01 -6.345160e-03 9.998840e-01 -1.384246e-02 -3.405416e-01 2.471098e-02 1.399530e-02 9.995966e-01 1.029896e+01
9.996182e-01 6.468772e-03 -2.686440e-02 -6.093087e-01 -6.873365e-03 9.998639e-01 -1.499561e-02 -3.689250e-01 2.676374e-02 1.517453e-02 9.995266e-01 1.115757e+01
9.995562e-01 7.058450e-03 -2.894213e-02 -6.562052e-01 -7.530449e-03 9.998399e-01 -1.623192e-02 -3.973964e-01 2.882292e-02 1.644266e-02 9.994492e-01 1.201541e+01
9.995095e-01 5.595311e-03 -3.081450e-02 -7.018788e-01 -6.093682e-03 9.998517e-01 -1.610315e-02 -4.239119e-01 3.071983e-02 1.628303e-02 9.993953e-01 1.286965e+01
9.994226e-01 7.842768e-03 -3.306167e-02 -7.498241e-01 -8.456089e-03 9.997940e-01 -1.845198e-02 -4.540039e-01 3.291014e-02 1.872089e-02 9.992829e-01 1.373146e+01
9.993587e-01 8.704386e-03 -3.473400e-02 -7.992511e-01 -9.439421e-03 9.997338e-01 -2.105422e-02 -4.840770e-01 3.454149e-02 2.136859e-02 9.991747e-01 1.460026e+01
9.992482e-01 1.235688e-02 -3.674849e-02 -8.546642e-01 -1.320676e-02 9.996488e-01 -2.297477e-02 -5.155070e-01 3.645169e-02 2.344282e-02 9.990604e-01 1.547957e+01
9.991826e-01 1.352279e-02 -3.809783e-02 -9.072868e-01 -1.439161e-02 9.996404e-01 -2.262373e-02 -5.464705e-01 3.777819e-02 2.315352e-02 9.990178e-01 1.636940e+01
9.991241e-01 1.328777e-02 -3.967996e-02 -9.609163e-01 -1.412604e-02 9.996813e-01 -2.092052e-02 -5.783595e-01 3.938933e-02 2.146271e-02 9.989934e-01 1.726896e+01
9.990604e-01 1.351433e-02 -4.118029e-02 -1.011589e+00 -1.432436e-02 9.997084e-01 -1.943894e-02 -6.092403e-01 4.090558e-02 2.001055e-02 9.989626e-01 1.817318e+01
9.990174e-01 1.304822e-02 -4.235654e-02 -1.066256e+00 -1.386115e-02 9.997242e-01 -1.895579e-02 -6.387363e-01 4.209752e-02 1.952427e-02 9.989227e-01 1.908411e+01
9.989383e-01 1.325999e-02 -4.411963e-02 -1.118651e+00 -1.413494e-02 9.997084e-01 -1.957870e-02 -6.686219e-01 4.384715e-02 2.018154e-02 9.988343e-01 1.999722e+01
9.989120e-01 1.152857e-02 -4.518863e-02 -1.171840e+00 -1.247777e-02 9.997062e-01 -2.077977e-02 -6.990778e-01 4.493579e-02 2.132101e-02 9.987623e-01 2.091368e+01
9.988800e-01 1.128892e-02 -4.595003e-02 -1.224279e+00 -1.218132e-02 9.997417e-01 -1.918760e-02 -7.287421e-01 4.572155e-02 1.972584e-02 9.987594e-01 2.184042e+01
9.988593e-01 1.299421e-02 -4.594914e-02 -1.280807e+00 -1.370812e-02 9.997896e-01 -1.525610e-02 -7.604717e-01 4.574123e-02 1.586857e-02 9.988272e-01 2.277432e+01
9.988876e-01 1.379030e-02 -4.509495e-02 -1.334841e+00 -1.432558e-02 9.998304e-01 -1.156850e-02 -7.929673e-01 4.492776e-02 1.220164e-02 9.989157e-01 2.370953e+01
9.989649e-01 1.285173e-02 -4.363580e-02 -1.385747e+00 -1.325687e-02 9.998715e-01 -9.007757e-03 -8.209244e-01 4.351442e-02 9.576906e-03 9.990068e-01 2.465175e+01
9.990298e-01 1.265253e-02 -4.218321e-02 -1.436633e+00 -1.299403e-02 9.998849e-01 -7.831284e-03 -8.456208e-01 4.207926e-02 8.371815e-03 9.990791e-01 2.559694e+01
